6
1
2
0 23 24 1 0 -1
6 23 12 1 0 2
haar_x4
-2.482780e-002 0 -1
7.017366e-001 -4.218307e-001 
1
3
22 8 2 12 0 -1
23 8 1 6 0 2
22 14 1 6 0 2
haar_x2_y2
-1.908082e-003 0 -1
-8.641229e-001 2.388274e-001 
1
2
10 9 9 1 0 -1
13 12 3 1 0 3
tilted_haar_x3
-2.370142e-002 0 -1
7.384205e-001 -3.475381e-001 
1
2
13 4 2 12 0 -1
10 7 2 6 0 2
tilted_haar_x4
4.531341e-002 0 -1
-1.446902e-002 6.792024e-001 
1
2
4 12 12 3 0 -1
7 12 6 3 0 2
haar_x4
-2.937988e-002 0 -1
7.382864e-001 -4.667363e-001 
1
2
22 17 2 6 0 -1
22 20 2 3 0 2
haar_y2
-7.477613e-004 0 -1
-9.251117e-001 2.903588e-001 
-7.383795e-001

1
-1
