7
1
2
6 7 12 17 0 -1
9 7 6 17 0 2
haar_x4
-1.177735e-001 0 -1
6.315207e-001 -3.782178e-001 
1
3
22 4 2 20 0 -1
23 4 1 10 0 2
22 14 1 10 0 2
haar_x2_y2
-1.963093e-003 0 -1
-7.483814e-001 1.355257e-001 
1
3
0 4 2 20 0 -1
0 4 1 10 0 2
1 14 1 10 0 2
haar_x2_y2
1.303177e-003 0 -1
2.689458e-001 -9.238033e-001 
1
2
10 11 11 2 0 -1
10 12 11 1 0 2
haar_y2
-2.583745e-004 0 -1
2.166339e-001 -4.753419e-001 
1
2
7 7 8 8 0 -1
9 7 4 8 0 2
haar_x4
3.408909e-002 0 -1
-2.849080e-001 7.208675e-001 
1
2
13 6 2 12 0 -1
9 10 2 4 0 3
tilted_haar_x3
7.518896e-002 0 -1
-8.603471e-002 7.774134e-001 
1
2
12 10 9 2 0 -1
15 13 3 2 0 3
tilted_haar_x3
2.533132e-002 0 -1
-4.732818e-001 5.884939e-001 
-4.794686e-001

3
-1
