7
1
2
0 22 24 2 0 -1
6 22 12 2 0 2
haar_x4
-5.358683e-002 0 -1
6.091455e-001 -3.729948e-001 
1
2
22 18 1 6 0 -1
22 21 1 3 0 2
haar_y2
-9.060868e-004 0 -1
-1.000000e+000 1.383042e-001 
1
2
9 1 12 9 0 -1
13 5 4 9 0 3
tilted_haar_x3
2.365592e-002 0 -1
2.766481e-001 -6.931660e-001 
1
2
9 5 7 12 0 -1
9 8 7 6 0 2
haar_y4
-1.867140e-002 0 -1
-8.962461e-001 1.049209e-001 
1
2
10 19 4 2 0 -1
10 20 4 1 0 2
haar_y2
-1.695494e-003 0 -1
5.107886e-001 -3.696668e-001 
1
2
13 0 4 7 0 -1
14 1 2 7 0 2
tilted_haar_y4
-3.980612e-003 0 -1
2.921964e-001 -2.521129e-001 
1
2
1 18 1 6 0 -1
1 21 1 3 0 2
haar_y2
-8.052550e-004 0 -1
-1.000000e+000 1.945459e-001 
-7.058603e-001

4
-1
